834 3
1.185 2.827 127.3
29.23 18.37 100.3
10.2 12.72 46.08
23.3 27.7 98.81
2.11 30.81 137.1
16.07 21.77 56.81
18.15 36.18 68.14
13.86 43.25 83.68
14.05 105.4 126.8
5.955 38.16 97.54
14.23 107.4 117.3
7.951 48.05 96.02
11.27 23.46 101.9
13.98 105.2 130.8
6.303 45.79 87.02
13.02 124.7 117.2
13.78 45.79 101.3
18.03 103.5 114.7
9.874 100.1 123.1
20.45 24.03 118.9
13.12 21.48 48.48
11.02 117 113.5
9.565 111.4 90.23
3.049 61.34 85.95
5.308 112.8 115.9
6.636 117 133.1
23.74 40.99 106.9
27.82 92.15 129.1
22.54 93 129.2
12.09 28.83 93.1
9.613 21.77 89.98
10.1 115.6 111.2
5.816 97.24 86.19
14.84 60.77 102.1
19.08 106.6 116.8
1.617 60.21 82.22
1.61 59.36 74.78
1.678 61.06 77.62
2.106 96.11 90.81
1.572 61.9 98.11
12.66 110.8 121.1
12.34 109.4 120.3
9.808 105.4 121.8
12.69 112.2 129.4
12.53 112.5 130.7
34.12 94.13 125.8
29.65 93.85 131
18.81 13 105.6
18.47 17.24 64.73
16.75 31.94 79.26
15.27 51.16 93.22
20.02 98.37 126.7
19.59 98.93 126.9
21.83 99.78 125.2
24.47 26.01 118.6
34.08 88.19 138.3
33.54 89.32 138.5
31.97 92.43 136.9
24.7 46.07 125.7
15.32 64.17 99.83
15.73 97.8 114.4
18.87 49.18 109.3
22.92 99.78 126.6
25.24 90.17 136.3
27.46 91.87 131.6
14.81 35.33 76.32
15.76 53.42 110
21.49 95.82 120.3
16.14 58.23 101.1
17.72 100.9 122.2
18.41 25.72 79.92
21.18 42.4 109
29.53 96.95 119.5
31.52 95.82 120
22.87 95.54 129.3
14.53 61.34 107.2
15.64 66.43 87.04
15.56 36.75 78.89
21.77 96.95 119.1
22.75 54.27 93.74
20.49 50.31 105.5
14.59 38.73 79.6
15.17 56.53 105.8
15.59 58.23 104.9
16.14 58.51 101.2
15.91 57.1 101.7
15.95 34.2 77.59
16.47 35.62 78.73
21.79 55.4 91.73
21.87 94.98 125.2
19.34 93.85 128
20.86 45.79 109.3
17.1 42.68 99.65
22.54 38.44 112.8
28.76 93 126.7
17.83 29.11 77.61
20.2 49.18 108.1
20.76 46.92 105.7
21.16 46.64 109
18.42 97.52 127.7
20.78 43.81 114.7
21.7 42.4 110.2
26.29 46.36 102.1
27.15 93.56 122.6
32.09 95.54 125.2
9.522 55.4 101.4
17.21 101.5 115.1
16.28 55.4 82.18
17.32 63.6 101.6
19.97 58.51 102.7
20.25 60.21 109
14.79 59.93 81.09
17.73 97.52 116.3
18.85 100.3 115.8
19.55 102.3 116.3
17.62 58.79 98.15
20.5 100.6 126.1
20.43 99.22 125
17.47 62.47 102.2
31.32 97.24 120.3
21.72 94.98 129.7
35.61 92.43 126.4
27.88 92.15 130.4
22.97 98.93 130.6
30.29 98.09 118.5
22.07 96.11 129.3
21.4 96.95 127.9
32.61 95.26 124.2
24.69 92.71 133.4
26.44 93.56 128.8
26.52 93.85 127.6
40.26 88.76 136.6
35.14 88.47 139.1
19.12 17.53 123.8
18.38 13.29 98.81
24.25 33.35 110.6
30.18 88.47 131.6
31.5 89.89 135.7
33.03 89.89 134.7
33.54 90.45 136.3
25.21 20.92 117.5
34.76 87.63 139.5
35.18 89.04 140.9
37.47 89.32 139.2
32.63 90.17 136.9
28.77 34.2 102.2
39.57 90.45 130.9
27.65 87.63 134.5
33.16 88.47 138.4
23.26 37.03 111.1
28.36 39.29 99.01
29.06 89.32 128.9
33.52 92.15 129.2
37.53 91.87 127.9
24.08 29.11 115.2
37.73 88.19 133.5
36.56 89.61 132.9
32.41 89.32 138
32.15 89.04 136.6
32.91 88.19 141.3
37.36 89.04 137.5
26.81 20.35 114.2
19.03 15.83 117.8
24.82 23.18 120
34.57 88.76 135.9
33.44 88.19 135.3
34.72 87.63 138.8
36.67 87.63 138
25.28 19.22 116.4
34.96 87.91 140
34.65 88.47 141.3
35.7 88.19 140.8
32.74 88.47 141.4
31.02 89.89 135.1
30.34 90.17 135.8
37.33 88.19 138.3
34.08 88.76 138.9
29.01 89.89 133.8
30.11 91.02 132.8
30.25 91.3 131.6
30.64 91.58 131.6
34.53 89.04 136.6
34.6 89.04 137.9
34.52 89.32 138.1
33.87 89.89 137.7
38.46 89.04 139.8
35.75 89.61 138.5
18.66 13.29 102.5
20.91 23.74 119.8
36.02 87.63 139.8
35.21 89.89 138.8
39.82 90.17 138.8
37.1 90.74 138
32.43 31.09 114.5
31.18 31.38 118.7
32.46 33.64 120.5
31.57 35.05 123
18.01 105.7 114.8
15.52 106.3 126.9
20.6 99.22 127.2
18.92 97.52 129.1
25.13 92.71 131.9
27.9 94.13 130.2
17.35 102.6 123.1
17.5 102.9 125
16.67 102 125.6
16.73 100.6 124
22.89 95.54 125.1
22.12 94.41 130.3
27.15 96.95 128.2
25.24 97.24 128.1
18.09 104.9 114.2
18.89 106.3 117.6
17 102 122.9
17.61 102.9 124.5
20.62 98.93 126.1
20.28 99.22 127.2
18.23 103.5 113.9
16.76 104.3 123.7
16.77 104.6 124.4
16.63 104.9 124.5
18.51 100.3 123.9
18.32 68.12 105.4
18.28 100.9 124.8
18.23 100.9 125
22.38 95.54 129.4
21.77 94.98 129
26.98 91.87 128.4
29.88 93 131.2
21.9 97.24 127.8
21.02 97.24 127.9
20.71 97.24 127.7
20.81 96.67 127.1
26.27 93.85 126.7
22.72 93.28 130
24.07 92.71 130.8
28.36 94.41 129.6
15.98 106.6 131.8
14.87 106 126.2
17.18 102.6 124.1
16.17 101.5 124.1
18.77 98.37 126.8
21.57 98.65 125.3
16.27 104.6 124.8
15.42 104.3 125.5
15.53 103.7 127.1
15.59 103.2 126.7
17.54 100.6 124.9
16.49 79.99 116.2
17.37 99.22 123.3
19.23 99.22 126.3
24.94 96.11 128.9
26.39 97.24 128.3
28.96 94.13 130.6
25.96 93.56 130
20.61 96.11 128.7
23.88 97.52 127.3
24.12 98.37 127.4
24.53 98.93 127.6
28.67 95.26 129.4
27.88 95.82 129.3
25.57 95.82 130.1
24.47 95.26 130.3
34.99 90.45 137.8
26.6 94.69 134.4
19.64 25.16 112.9
17.41 19.5 66.72
31.2 91.87 136.2
28.69 92.71 133.9
24.07 89.04 135.7
21.98 92.43 131.3
28.45 43.81 120.3
26.35 41.55 121.7
24.09 43.25 119.2
22.63 27.42 82.78
32.55 91.02 136.5
30.16 92.71 135.3
30.74 89.89 137.7
33.44 91.3 137.4
31.9 92.15 134.1
30.41 92.71 134.4
31.72 92.71 133.4
30.88 93.85 132.2
32.58 90.45 137.1
30.67 91.02 136.9
28.5 92.15 134.8
25.71 93.28 133.7
31.58 90.74 135.3
27.41 41.83 122.5
19.99 24.59 116.6
19.05 16.39 68.89
35.49 89.32 138.3
33.5 90.17 137.7
30.99 91.02 137.4
29.27 91.87 137
30.81 36.46 123.7
29.82 37.31 123.6
29.94 40.7 123.4
26.23 35.05 119.8
24.75 94.13 131.8
22.99 91.87 132
29.35 93.85 134.7
25.96 63.88 122.7
29.53 92.15 133
27.14 91.87 132.3
24.16 91.02 131.9
22.53 92.71 130.3
31.09 94.13 134.4
30.27 94.69 133.8
27.44 91.02 136
25.06 89.89 137
25.2 41.55 119.8
22.88 35.9 109.9
17.85 17.24 64.58
16.75 21.77 65.88
27.78 93 136.3
26.33 56.53 121.2
23.42 44.66 114.4
21.84 22.9 94.96
25.58 36.18 118
23.93 35.9 113.9
23.03 35.62 108.3
21.99 25.16 76.84
3.345 71.23 89.39
4.938 116.2 120.5
13.03 100.1 127.4
8.375 58.51 92.46
1.491 62.19 83.02
1.467 66.71 113.8
1.453 52.29 129.4
1.432 41.55 133.4
13.02 108 107.7
7.671 107.7 117.8
7.567 110.2 121.1
6.454 112.5 127.3
16.36 68.97 126.6
9.138 22.9 91.82
14.41 23.74 56.23
10.8 13.57 48.84
15.83 97.8 127.9
11.83 44.94 94.43
8.268 32.22 90.67
6.135 23.18 106.6
20.32 33.07 83.45
11.66 20.35 87.73
10.8 19.79 89.03
9.938 15.55 107.9
14.47 103.5 126.7
9.561 98.65 123.3
21.22 99.78 128.3
13.14 92.71 130.5
20.4 90.74 132
14.13 30.81 91.83
16.12 98.37 128.7
13.84 94.13 129.3
11.05 95.54 126.6
10.57 96.67 126.6
19.37 96.11 128.7
17.1 93.28 130.5
13.79 37.88 95.86
12.56 39.57 87.64
21.68 29.11 93.73
13.08 22.61 79.74
15.95 18.66 60.58
14.2 17.24 55.98
17.64 53.14 111.8
16.05 27.42 88.53
14.06 27.7 82.95
12.41 24.31 91.23
20.07 24.59 89.82
19.94 29.68 80.16
18.36 35.33 67.79
13.19 17.81 89.22
21.5 92.15 131.2
19.11 89.04 133.3
20.58 88.47 133.5
17.31 42.97 121.1
22.56 43.81 118.4
20.96 31.09 90.13
20.82 94.13 129.6
20.51 87.63 134.4
17.26 58.23 125.4
16.48 46.64 118.5
23.99 93.28 134.2
22.12 47.21 117
21.42 35.62 94.32
15.83 23.18 86.81
21.02 21.77 91.47
19.89 27.14 89
16.59 23.74 51.31
15.13 21.48 55.42
20.94 24.59 94.01
20.21 25.44 88.12
19.15 27.42 88.35
19.08 30.53 83.77
22.35 20.92 90.12
21.34 23.46 89.14
20.65 24.87 82.53
19.82 26.85 75.59
15.34 37.03 96.22
13.1 30.25 92.74
15.19 27.7 85.99
13.23 24.59 88.7
19.18 34.77 76.69
12.4 24.87 74.68
15.32 30.53 88.5
13.97 27.7 91.88
13.14 27.7 93.58
12.28 26.29 94.01
14.99 24.87 82.16
14.27 24.87 81.87
13.34 19.79 91.38
12.39 23.18 86.85
19.3 31.94 73.99
13.8 23.18 76.18
14.74 19.5 60.6
13.11 21.48 53.54
17.72 31.09 74.61
17.69 36.18 72.21
13.34 24.59 72.32
13.04 20.35 84.68
19.3 29.11 66.65
18.36 33.07 63.04
17.31 36.46 57.48
13.09 20.92 64.65
9.341 101.2 122.9
6.873 44.1 100.3
9.919 40.14 93
7.084 29.96 93.38
10.39 28.27 95.5
8.018 20.92 94.08
10.03 51.16 94.01
7.959 42.4 98.82
7.085 36.75 85.2
7.224 35.33 95.14
9.914 32.51 94.19
8.661 27.14 89.96
7.673 25.16 92.34
6.749 22.61 108.7
10.22 19.79 91.77
10.48 19.22 91.24
11.82 16.68 60.16
10.62 15.55 58.99
10.66 22.33 100.8
9.401 18.66 95.76
8.469 15.26 90.77
10.12 17.53 92.35
13.99 19.22 87.38
11.03 18.94 69.73
10.62 17.53 71.46
10.07 14.98 82.47
23.58 111.9 135.2
9.992 134 108.7
26.41 99.5 138.9
32.14 103.5 135.1
21.66 111.9 126.4
9.325 27.98 67.48
11.25 24.31 89.36
13.58 123.5 136.6
7.606 117.9 134.9
9.727 121 142.9
4.87 71.23 100.9
3.876 69.82 101.6
32.07 33.35 112.3
25.85 100.6 136.7
8.023 17.53 114.2
18.44 119.6 132.1
17.99 17.81 117.5
26.18 20.07 92.24
34.84 33.92 103
15.43 25.16 81.48
16.56 36.46 60.61
11.07 11.02 45.67
9.996 16.11 73.48
24.4 99.78 138.3
22.91 108 134.4
13.84 60.21 80.96
33.2 21.48 113.8
29.02 19.5 112.5
14.7 12.72 63.66
34.15 99.22 136.2
33.56 90.74 141.7
35.13 17.81 91.39
40.62 93.28 140.5
28.45 21.2 99.34
12.73 11.02 84.75
19.18 24.31 115.7
30.89 26.01 116.5
36.85 96.67 140.3
34.96 94.41 138.5
32.96 99.22 136.6
25.5 14.98 104.6
33.15 20.63 102.5
28.95 19.5 103.5
33.29 93.28 140.5
34.9 89.61 142.9
35.2 16.96 87.5
32 20.63 101.7
37.22 25.16 92.78
17.93 13.85 112.6
33.21 91.87 138.3
43.72 91.02 139.9
32.81 18.09 89.37
34.71 20.63 98.82
36.2 93.28 141
32.74 93.56 139.7
32.4 27.7 122
12.92 10.46 56.18
20.06 24.59 123.6
17.81 20.35 119.1
32.06 22.61 110.8
32.54 24.31 117.8
32.5 24.59 105.3
33.51 95.26 140.2
27.39 97.8 141.6
13.51 9.045 82.91
21.91 22.33 118.9
23.51 23.74 118.2
37.7 96.95 140.9
24.5 17.53 91.55
24.02 19.79 92.11
31.63 95.54 141.4
36.34 93 140.1
14.92 8.48 104
11.15 7.632 69.95
11.18 7.632 67.56
17.17 22.33 118
39.47 94.98 140.1
35.92 25.44 112.2
23.72 18.94 94.69
25.98 20.63 93.84
36.11 96.95 135.4
19.98 26.57 114.3
42.34 99.78 140.2
31.93 101.2 136.9
29.31 24.59 100.3
30.08 92.43 141.8
34.13 94.69 139.3
35.76 97.24 137.7
35.1 98.09 137.5
33.42 96.67 138.9
33.23 98.65 136.4
26.33 101.2 136.2
16.91 15.26 99.48
21.79 104.9 130.8
9.653 19.5 100.9
15.96 56.53 118.8
20.23 14.98 82.2
17.64 18.37 79.9
19.3 20.35 94.16
34.93 104.9 137
24.96 32.51 120.3
14.21 23.46 88.44
9.874 12.15 90.78
17.72 49.47 119
19.96 107.1 131.3
22.13 105.7 136.9
12.17 13.57 66.81
10.42 16.96 76.2
16.38 17.24 84.08
12.5 8.48 109.7
23.74 98.93 140.5
12.76 11.59 62.2
21.77 27.7 118.1
19.02 16.68 98.86
22.17 29.96 119.1
11.14 9.328 14.22
13.22 13.29 73.78
17.51 11.87 107
11.76 12.44 90.8
11.61 18.66 76.04
9.5 14.13 70.41
19.82 51.73 127.6
12.79 24.03 103
9.534 22.33 97.88
10.85 13.29 61.88
15.4 19.22 86.26
16.3 18.09 94.7
15.5 12.15 122.2
14.66 42.4 110.9
13.3 21.48 99.45
9.141 12.72 90.34
13.92 22.33 101.9
13.22 17.24 123.6
11.23 16.68 106.9
34.61 103.2 135.4
28.72 94.69 139.2
13.72 39.86 106.1
24.31 104.6 134.7
35.55 100.1 139
27.57 94.13 140.2
33.64 103.7 133.1
23.99 45.23 104.4
17.8 103.2 135.3
33.48 108 135
26.02 100.1 137.3
27.98 98.37 140.1
16.58 49.18 115.5
21.09 107.1 134.4
10.43 19.5 108.3
22.18 110.8 135.9
14.32 41.27 110.9
21.51 105.7 133.6
22.69 104.6 134.4
22.67 105.2 137
16.92 52.86 119.4
16.43 51.16 120.6
22.65 107.4 136.7
23.85 108.8 137
18.37 20.63 89.37
13.8 24.87 61.28
25.54 96.11 140.5
30.02 105.7 129
10.17 10.74 86.56
9.924 16.11 52.99
9.182 21.48 51.02
8.28 27.98 48.53
39.66 104.9 132.1
28.63 93.56 137.1
21.1 94.41 136.1
19.14 96.95 133.4
12.54 11.31 77
9.881 13.85 77.91
23.87 21.2 92.6
17.27 23.74 83.53
17.17 22.33 116.1
16.32 15.55 82.9
16.09 15.55 73.32
16.64 16.68 66.21
22.58 18.94 83.05
19.77 21.2 87.65
12.55 15.55 67.88
11.62 17.81 57.05
34.03 101.8 135.6
37.9 108 129.8
25.17 106 133.4
27.72 98.37 137.5
35 100.1 135.1
32.98 42.97 95.02
22.69 27.42 84.91
17.84 27.98 80.22
28.14 93 140.8
26.13 92.71 139.3
23.81 93.28 140
30.36 93.85 136.8
9.429 18.66 55.88
8.815 24.59 49.9
15.91 27.7 78.08
13.57 28.83 60.77
16.35 18.09 62.46
15.54 18.66 68.13
15.47 21.2 68.27
14.95 22.9 62.61
10.95 20.35 51.3
10.79 23.46 48.11
8.659 26.01 44.69
7.648 29.11 51.36
22.1 94.13 136.8
20.36 96.11 135
25.45 102.9 135
26.76 108.8 127.6
16.4 31.38 75.35
14.56 31.38 67.56
14.62 34.2 66.66
12.28 33.35 59.68
28.21 94.69 135.3
24.84 94.98 134.6
20.12 96.67 133.9
18.94 97.52 132.7
29.87 103.7 137.8
18.18 103.5 135.6
22.34 115.3 134.3
14.75 106 135.1
24.59 50.03 96.29
23.13 103.7 135.8
23.8 109.1 130.8
21.29 115.3 125.5
22.85 109.1 135
16.93 60.49 108.5
15.6 64.73 100.5
13.05 66.14 80.41
16.28 119.9 143.4
13.19 123.8 135.6
7.753 110.8 131.7
7.127 107.7 132
13.08 106 138.7
13.4 116.7 135.3
13.19 116.7 133.7
1.888 42.97 77.82
1.78 43.25 77.14
1.699 44.94 75.47
1.696 50.03 71.32
1.635 57.38 72.82
7.544 110 131.7
10.76 104.6 137.7
16.4 121.5 138.6
14.49 120.1 144.3
7.469 31.38 88.28
8.239 29.68 92.34
5.504 29.4 80.62
13.39 100.3 139.5
18.2 101.5 140.8
7.696 119.6 128.6
5.958 119 127.4
7.678 116.5 131.9
14.69 111.9 137.6
14.39 107.7 134.5
1.896 42.97 78.33
1.741 43.53 76.31
6.363 121.5 132.6
5.367 121.8 134.2
4.988 123.5 133
6.347 119.9 134.8
6.334 120.1 134.4
1.458 26.57 147.1
1.464 26.57 143.6
1.378 26.29 146
1.308 25.72 146.8
1.426 26.85 140.5
15.83 116.7 135.2
13.21 116.5 134
7.108 120.4 133.4
9.652 121.3 143.2
17.15 110.2 137.1
13.14 112.8 133.3
12.91 113.1 133.1
10.14 111.7 131.1
14.58 116.7 139.2
8.534 120.4 131.5
15.52 118.2 144
15.06 121 145.6
1.635 46.36 75.86
1.633 53.42 71.18
2.28 33.35 89.22
2.308 33.92 89.35
2.245 33.35 92.89
2.187 36.75 90.11
1.395 26.01 142.1
1.481 27.14 120.1
1.519 30.53 120.7
1.539 30.25 118.7
13.69 100.6 130.5
7.972 24.03 69.07
15.77 112.5 130.5
6.481 44.38 76.49
14.21 27.42 67.23
11.16 41.55 46.4
9.423 18.66 50.98
9.386 15.26 69.83
14.64 104.6 129.9
11.88 123.8 120
8.527 37.03 75.8
7.217 34.77 83.8
2.783 39.29 88.52
3.646 69.54 89.46
11.12 125.5 125.8
5.515 58.51 90.36
6.578 117.3 118.1
6 118.4 126.7
1.644 59.36 79.79
1.677 62.75 89.16
1.77 63.88 100.9
1.751 52.01 110.4
8.321 100.1 121.6
22.12 107.7 97.3
12.88 38.16 33.57
20.56 28.83 103.6
4.331 75.75 117.7
6.617 117 102.1
11.72 116.5 82.85
14.79 117 76.23
8.83 22.33 89.77
21.05 93 127.2
29.07 55.69 89.93
18.48 42.12 80.18
5.038 116.7 133.7
3.547 51.73 110
6.832 57.95 113.7
14.98 107.7 107.8
1.685 41.83 130.1
1.915 44.94 128.2
1.92 43.25 134.6
2.026 43.25 136.3
7.377 110.5 132.4
6.676 112.8 132.3
17.17 112.8 91.27
11.46 112.8 106.2
7.652 20.92 85.28
14.11 91.3 132.8
10.4 37.59 18.76
15.38 34.2 38.22
6.403 25.44 102.4
11.6 94.69 119.9
14.75 97.8 128.4
20.46 99.78 126.7
9.624 31.66 43.72
11.07 33.64 59.48
15.2 33.92 78.57
13.61 29.68 77.23
8.993 117 85.57
14.38 117 86.73
19.21 107.7 108.1
8.018 48.34 93.97
2.434 48.62 121.2
2.551 49.18 118.6
2.533 49.18 120.2
2.532 48.9 121.2
11.53 113.1 104.1
13.06 113.1 106.2
7.351 113.1 123.4
7.872 113.1 122.7
32.52 93.85 129.9
29.67 48.34 75.74
19.4 32.79 88.99
16.93 7.067 108.8
23.39 101.5 117.7
24.75 101.2 120.9
9.62 41.27 106.8
9.617 43.25 107.8
15.19 25.44 97.22
32.88 40.99 95.6
26.87 33.07 98.36
18.98 34.49 100.8
9.472 136 120.5
16.57 113.6 129.7
12.32 55.4 42.8
23.14 121 120.4
27.4 107.1 129.5
23.7 37.88 84.72
6.984 123.8 131.4
4.171 34.49 98.67
9.555 123.5 137.3
9.661 124.1 133.6
0 0 0
